0 2051
1 2103
2 2152
3 2207
4 2262
5 2311
6 2364
7 2415
8 2464
9 2520
10 2572
11 2620
12 2668
13 2719
14 2768
15 2817
16 2870
17 2915
18 2960
19 3008
20 3056
21 3102
22 3148
23 3192
24 3232
25 3279
26 3320
27 3359
28 3399
29 3439
30 3478
31 3520
32 3552
33 3584
34 3619
35 3655
36 3688
37 3719
38 3744
39 3776
40 3808
41 3832
42 3856
43 3886
44 3904
45 3928
46 3948
47 3966
48 3992
49 4006
50 4019
51 4033
52 4048
53 4060
54 4071
55 4079
56 4088
57 4095
58 4095
59 4095
60 4095
61 4095
62 4095
63 4095
64 4095
65 4095
66 4094
67 4087
68 4078
69 4064
70 4056
71 4046
72 4032
73 4016
74 3999
75 3983
76 3966
77 3944
78 3923
79 3902
80 3879
81 3854
82 3824
83 3800
84 3771
85 3742
86 3711
87 3680
88 3647
89 3615
90 3580
91 3544
92 3510
93 3470
94 3431
95 3392
96 3352
97 3308
98 3267
99 3224
100 3180
101 3136
102 3094
103 3043
104 3000
105 2951
106 2904
107 2860
108 2808
109 2759
110 2704
111 2657
112 2609
113 2556
114 2503
115 2456
116 2403
117 2352
118 2300
119 2247
120 2195
121 2144
122 2092
123 2039
124 1985
125 1934
126 1880
127 1830
128 1779
129 1728
130 1676
131 1624
132 1571
133 1523
134 1472
135 1422
136 1372
137 1328
138 1276
139 1229
140 1180
141 1136
142 1088
143 1043
144 998
145 952
146 911
147 870
148 827
149 786
150 745
151 704
152 669
153 630
154 593
155 558
156 522
157 489
158 458
159 426
160 398
161 369
162 340
163 313
164 287
165 265
166 239
167 218
168 198
169 178
170 161
171 144
172 128
173 114
174 100
175 87
176 75
177 69
178 59
179 54
180 49
181 43
182 42
183 42
184 42
185 45
186 47
187 52
188 58
189 64
190 73
191 82
192 94
193 106
194 117
195 133
196 149
197 169
198 187
199 206
200 226
201 250
202 277
203 298
204 326
205 352
206 381
207 410
208 441
209 471
210 505
211 538
212 571
213 608
214 646
215 685
216 724
217 764
218 803
219 844
220 886
221 931
222 974
223 1019
224 1063
225 1110
226 1155
227 1377
228 1432
229 1487
230 1542
231 1592
232 1646
233 1696
234 1747
235 1799
236 1856
237 1905
238 1955
239 2008
240 2062
241 2112
242 2166
243 2216
244 2270
245 2320
246 2371
247 2424
248 2476
249 2528
250 2575
251 2625
252 2678
253 2732
254 2780
255 2828
256 2876
257 2924
258 2972
259 3015
260 3064
261 3107
262 3152
263 3199
264 3244
265 3288
266 3326
267 3363
268 3407
269 3446
270 3484
271 3520
272 3555
273 3591
274 3632
275 3663
276 3696
277 3728
278 3760
279 3783
280 3816
281 3841
282 3868
283 3891
284 3916
285 3936
286 3959
287 3975
288 3996
289 4016
290 4024
291 4039
292 4056
293 4064
294 4076
295 4081
296 4092
297 4095
298 4095
299 4095
300 4095
301 4095
302 4095
303 4095
304 4095
305 4095
306 4088
307 4080
308 4071
309 4062
310 4049
311 4039
312 4024
313 4012
314 3992
315 3975
316 3952
317 3936
318 3911
319 3888
320 3868
321 3840
322 3811
323 3783
324 3760
325 3727
326 3696
327 3663
328 3632
329 3598
330 3564
331 3527
332 3487
333 3452
334 3408
335 3372
336 3328
337 3288
338 3248
339 3203
340 3160
341 3116
342 3072
343 3023
344 2975
345 2928
346 2880
347 2832
348 2784
349 2736
350 2680
351 2636
352 2584
353 2534
354 2480
355 2429
356 2380
357 2328
358 2278
359 2224
360 2171
361 2115
362 2067
363 2014
364 1960
365 1910
366 1856
367 1805
368 1753
369 1703
370 1649
371 1600
372 1548
373 1499
374 1451
375 1401
376 1350
377 1302
378 1254
379 1207
380 1159
381 1112
382 1068
383 1022
384 975
385 932
386 891
387 848
388 807
389 766
390 728
391 691
392 651
393 612
394 577
395 541
396 507
397 474
398 448
399 413
400 383
401 354
402 326
403 301
404 276
405 251
406 228
407 206
408 188
409 170
410 151
411 133
412 119
413 106
414 93
415 82
416 73
417 65
418 57
419 50
420 47
421 45
422 43
423 43
424 42
425 46
426 49
427 53
428 61
429 69
430 74
431 87
432 98
433 111
434 125
435 141
436 159
437 178
438 197
439 217
440 238
441 261
442 285
443 309
444 338
445 366
446 396
447 425
448 455
449 490
450 522
451 554
452 590
453 626
454 664
455 704
456 739
457 782
458 822
459 864
460 908
461 948
462 993
463 1038
464 1083
465 1129
466 1176
467 1222
468 1270
469 1320
470 1369
471 1420
472 1469
473 1518
474 1568
475 1622
476 1672
477 1724
478 1775
479 1825
480 1878
481 1932
482 1982
483 2033
484 2087
485 2139
486 2189
487 2240
488 2294
489 2348
490 2400
491 2447
492 2496
493 2552
494 2604
495 2656
496 2703
497 2752
498 2800
499 2849
500 2896
501 2945
502 2992
503 3040
504 3087
505 3134
506 3180
507 3219
508 3264
509 3308
510 3343
511 3384
512 3424
513 3463
514 3504
515 3537
516 3576
517 3608
518 3644
519 3680
520 3711
521 3739
522 3768
523 3795
524 3824
525 3847
526 3871
527 3896
528 3919
529 3939
530 3960
531 3983
532 3999
533 4016
534 4032
535 4044
536 4056
537 4065
538 4076
539 4088
540 4095
541 4095
542 4095
543 4095
544 4095
545 4095
546 4095
547 4095
548 4095
549 4095
550 4088
551 4080
552 4071
553 4060
554 4048
555 4033
556 4024
557 4007
558 3992
559 3967
560 3952
561 3928
562 3911
563 3888
564 3864
565 3836
566 3808
567 3777
568 3750
569 3719
570 3692
571 3660
572 3623
573 3591
574 3553
575 3520
576 3480
577 3440
578 3404
579 3360
580 3320
581 3280
582 3239
583 3196
584 3151
585 3104
586 3056
587 3011
588 2968
589 2919
590 2872
591 2823
592 2776
593 2726
594 2673
595 2624
596 2575
597 2524
598 2472
599 2422
600 2368
601 2319
602 2264
603 2214
604 2160
605 2108
606 2055
607 2006
608 1952
609 1900
610 1848
611 1793
612 1742
613 1692
614 1641
615 1590
616 1540
617 1491
618 1440
619 1390
620 1339
621 1293
622 1246
623 1197
624 1151
625 1103
626 1060
627 1015
628 971
629 924
630 882
631 840
632 800
633 758
634 718
635 680
636 641
637 604
638 569
639 535
640 501
641 467
642 437
643 405
644 378
645 349
646 322
647 294
648 272
649 249
650 225
651 203
652 185
653 165
654 148
655 132
656 117
657 104
658 90
659 79
660 70
661 64
662 57
663 50
664 46
665 45
666 43
667 42
668 42
669 46
670 50
671 54
672 64
673 69
674 78
675 89
676 100
677 114
678 128
679 145
680 162
681 181
682 201
683 218
684 242
685 266
686 290
687 316
688 343
689 370
690 401
691 432
692 462
693 493
694 528
695 562
696 598
697 634
698 671
699 709
700 749
701 791
702 832
703 874
704 916
705 960
706 1004
707 1051
708 1094
709 1140
710 1187
711 1235
712 1283
713 1328
714 1379
715 1428
716 1478
717 1527
718 1580
719 1628
720 1680
721 1731
722 1783
723 1836
724 1888
725 1942
726 1992
727 2047
728 2096
729 2147
730 2201
731 2255
732 2304
733 2358
734 2412
735 2460
736 2511
737 2563
738 2616
739 2668
740 2712
741 2764
742 2812
743 2864
744 2912
745 2958
746 3004
747 3054
748 3096
749 3137
750 3184
751 3228
752 3267
753 3312
754 3356
755 3392
756 3436
757 3471
758 3511
759 3544
760 3584
761 3615
762 3649
763 3683
764 3713
765 3744
766 3776
767 3804
768 3824
769 3855
770 3879
771 3904
772 3928
773 3948
774 3966
775 3983
776 4000
777 4016
778 4032
779 4047
780 4060
781 4067
782 4080
783 4088
784 4094
785 4095
786 4095
787 4095
788 4095
789 4095
790 4095
791 4095
792 4095
793 4094
794 4087
795 4080
796 4067
797 4056
798 4047
799 4032
800 4016
801 4000
802 3983
803 3967
804 3948
805 3928
806 3904
807 3879
808 3855
809 3830
810 3800
811 3776
812 3743
813 3711
814 3680
815 3648
816 3616
817 3584
818 3544
819 3511
820 3471
821 3436
822 3392
823 3352
824 3312
825 3267
826 3228
827 3184
828 3139
829 3096
830 3047
831 3008
832 2896
833 2847
834 2798
835 2752
836 2703
837 2656
838 2604
839 2552
840 2499
841 2448
842 2400
843 2348
844 2296
845 2240
846 2188
847 2137
848 2086
849 2032
850 1984
851 1932
852 1878
853 1824
854 1772
855 1724
856 1671
857 1619
858 1569
859 1520
860 1472
861 1421
862 1369
863 1321
864 1270
865 1224
866 1179
867 1132
868 1084
869 1040
870 996
871 951
872 907
873 865
874 822
875 782
876 744
877 704
878 664
879 626
880 590
881 556
882 521
883 488
884 454
885 424
886 395
887 365
888 338
889 311
890 285
891 262
892 238
893 217
894 197
895 178
896 159
897 142
898 128
899 110
900 98
901 86
902 75
903 69
904 58
905 53
906 50
907 45
908 42
909 42
910 42
911 45
912 46
913 52
914 57
915 66
916 72
917 82
918 94
919 106
920 119
921 137
922 151
923 167
924 189
925 207
926 229
927 253
928 277
929 300
930 326
931 354
932 383
933 413
934 442
935 474
936 506
937 542
938 577
939 611
940 649
941 688
942 726
943 767
944 807
945 850
946 891
947 934
948 977
949 1022
950 1068
951 1112
952 1158
953 1204
954 1254
955 1300
956 1350
957 1403
958 1448
959 1499
960 1548
961 1600
962 1651
963 1703
964 1752
965 1807
966 1856
967 1910
968 1964
969 2014
970 2067
971 2118
972 2171
973 2224
974 2275
975 2328
976 2380
977 2428
978 2480
979 2531
980 2584
981 2636
982 2684
983 2736
984 2784
985 2831
986 2880
987 2928
988 2976
989 3023
990 3068
991 3116
992 3160
993 3201
994 3248
995 3288
996 3328
997 3372
998 3408
999 3451
1000 3488
1001 3523
1002 3564
1003 3598
1004 3632
1005 3664
1006 3696
1007 3727
1008 3760
1009 3788
1010 3815
1011 3840
1012 3865
1013 3888
1014 3911
1015 3936
1016 3955
1017 3975
1018 3992
1019 4008
1020 4024
1021 4035
1022 4049
1023 4062
1024 4072
1025 4080
1026 4092
1027 4095
1028 4095
1029 4095
1030 4095
1031 4095
1032 4095
1033 4095
1034 4095
1035 4095
1036 4094
1037 4081
1038 4076
1039 4064
1040 4054
1041 4044
1042 4028
1043 4016
1044 3996
1045 3975
1046 3960
1047 3936
1048 3918
1049 3895
1050 3870
1051 3847
1052 3820
1053 3791
1054 3761
1055 3736
1056 3703
1057 3672
1058 3635
1059 3601
1060 3568
1061 3532
1062 3495
1063 3455
1064 3420
1065 3377
1066 3340
1067 3296
1068 3255
1069 3214
1070 3168
1071 3126
1072 3079
1073 3032
1074 2983
1075 2936
1076 2887
1077 2840
1078 2791
1079 2744
1080 2695
1081 2640
1082 2592
1083 2544
1084 2488
1085 2439
1086 2392
1087 2335
1088 2286
1089 2232
1090 2183
1091 2131
1092 2077
1093 2023
1094 1971
1095 1919
1096 1870
1097 1816
1098 1763
1099 1712
1100 1660
1101 1608
1102 1560
1103 1510
1104 1459
1105 1407
1106 1359
1107 1311
1108 1262
1109 1216
1110 1167
1111 1120
1112 1073
1113 1030
1114 985
1115 940
1116 898
1117 857
1118 816
1119 775
1120 732
1121 696
1122 658
1123 619
1124 583
1125 550
1126 514
1127 482
1128 450
1129 418
1130 390
1131 361
1132 333
1133 306
1134 281
1135 256
1136 234
1137 212
1138 193
1139 171
1140 154
1141 138
1142 122
1143 107
1144 98
1145 84
1146 74
1147 66
1148 59
1149 53
1150 49
1151 45
1152 42
1153 42
1154 42
1155 42
1156 47
1157 53
1158 58
1159 66
1160 74
1161 84
1162 97
1163 109
1164 122
1165 139
1166 156
1167 173
1168 194
1169 212
1170 234
1171 258
1172 282
1173 307
1174 333
1175 361
1176 392
1177 421
1178 450
1179 482
1180 516
1181 550
1182 584
1183 621
1184 658
1185 695
1186 734
1187 773
1188 816
1189 856
1190 900
1191 942
1192 985
1193 1030
1194 1075
1195 1123
1196 1171
1197 1216
1198 1263
1199 1310
1200 1359
1201 1411
1202 1457
1203 1510
1204 1560
1205 1612
1206 1663
1207 1713
1208 1767
1209 1816
1210 1870
1211 1921
1212 1976
1213 2023
1214 2077
1215 2131
1216 2183
1217 2232
1218 2287
1219 2335
1220 2392
1221 2439
1222 2492
1223 2543
1224 2591
1225 2640
1226 2695
1227 2744
1228 2796
1229 2844
1230 2887
1231 2940
1232 2983
1233 3032
1234 3079
1235 3123
1236 3168
1237 3214
1238 3255
1239 3296
1240 3340
1241 3382
1242 3420
1243 3455
1244 3495
1245 3535
1246 3568
1247 3606
1248 3640
1249 3672
1250 3704
1251 3736
1252 3760
1253 3791
1254 3820
1255 3843
1256 3871
1257 3895
1258 3918
1259 3936
1260 3960
1261 3980
1262 3996
1263 4016
1264 4028
1265 4044
1266 4056
1267 4064
1268 4076
1269 4084
1270 4092
1271 4095
1272 4095
1273 4095
1274 4095
1275 4095
1276 4095
1277 4095
1278 4095
1279 4095
1280 4088
1281 4080
1282 4071
1283 4064
1284 4049
1285 4035
1286 4024
1287 4007
1288 3992
1289 3975
1290 3952
1291 3936
1292 3911
1293 3888
1294 3864
1295 3840
1296 3815
1297 3783
1298 3756
1299 3726
1300 3696
1301 3663
1302 3632
1303 3596
1304 3559
1305 3523
1306 3487
1307 3448
1308 3407
1309 3372
1310 3328
1311 3288
1312 3248
1313 3199
1314 3160
1315 3116
1316 3068
1317 3023
1318 2976
1319 2928
1320 2880
1321 2829
1322 2782
1323 2732
1324 2680
1325 2631
1326 2577
1327 2528
1328 2480
1329 2424
1330 2375
1331 2326
1332 2272
1333 2220
1334 2167
1335 2115
1336 2064
1337 2011
1338 1959
1339 1904
1340 1856
1341 1804
1342 1752
1343 1697
1344 1648
1345 1600
1346 1548
1347 1496
1348 1446
1349 1396
1350 1344
1351 1297
1352 1252
1353 1203
1354 1156
1355 1110
1356 1063
1357 1019
1358 975
1359 928
1360 886
1361 846
1362 806
1363 764
1364 723
1365 683
1366 649
1367 610
1368 576
1369 538
1370 505
1371 474
1372 442
1373 411
1374 381
1375 352
1376 325
1377 301
1378 275
1379 250
1380 228
1381 206
1382 186
1383 168
1384 149
1385 133
1386 117
1387 106
1388 93
1389 82
1390 73
1391 66
1392 57
1393 52
1394 46
1395 45
1396 42
1397 42
1398 42
1399 45
1400 50
1401 53
1402 58
1403 69
1404 77
1405 86
1406 100
1407 113
1408 128
1409 144
1410 159
1411 178
1412 197
1413 218
1414 239
1415 264
1416 286
1417 314
1418 339
1419 370
1420 397
1421 427
1422 459
1423 489
1424 522
1425 559
1426 593
1427 629
1428 667
1429 706
1430 745
1431 786
1432 824
1433 867
1434 910
1435 955
1436 998
1437 1043
1438 1088
1439 1134
1440 1279
1441 1336
1442 1385
1443 1436
1444 1487
1445 1536
1446 1591
1447 1644
1448 1695
1449 1743
1450 1799
1451 1851
1452 1904
1453 1952
1454 2003
1455 2060
1456 2110
1457 2166
1458 2214
1459 2267
1460 2319
1461 2371
1462 2424
1463 2476
1464 2524
1465 2575
1466 2624
1467 2678
1468 2727
1469 2776
1470 2823
1471 2876
1472 2924
1473 2972
1474 3020
1475 3062
1476 3107
1477 3152
1478 3199
1479 3244
1480 3283
1481 3326
1482 3366
1483 3407
1484 3440
1485 3480
1486 3520
1487 3553
1488 3591
1489 3628
1490 3662
1491 3692
1492 3724
1493 3752
1494 3777
1495 3808
1496 3836
1497 3864
1498 3888
1499 3907
1500 3932
1501 3952
1502 3967
1503 3992
1504 4012
1505 4024
1506 4039
1507 4048
1508 4064
1509 4071
1510 4080
1511 4088
1512 4095
1513 4095
1514 4095
1515 4095
1516 4095
1517 4095
1518 4095
1519 4095
1520 4095
1521 4092
1522 4083
1523 4076
1524 4064
1525 4056
1526 4044
1527 4032
1528 4012
1529 3999
1530 3983
1531 3964
1532 3939
1533 3919
1534 3900
1535 3872
1536 3847
1537 3824
1538 3792
1539 3768
1540 3736
1541 3708
1542 3672
1543 3644
1544 3608
1545 3574
1546 3536
1547 3504
1548 3463
1549 3424
1550 3384
1551 3344
1552 3299
1553 3264
1554 3216
1555 3175
1556 3128
1557 3087
1558 3040
1559 2992
1560 2944
1561 2895
1562 2849
1563 2800
1564 2752
1565 2702
1566 2652
1567 2599
1568 2552
1569 2496
1570 2448
1571 2395
1572 2343
1573 2291
1574 2240
1575 2188
1576 2136
1577 2081
1578 2030
1579 1977
1580 1927
1581 1875
1582 1823
1583 1769
1584 1720
1585 1670
1586 1617
1587 1567
1588 1512
1589 1468
1590 1415
1591 1368
1592 1318
1593 1270
1594 1223
1595 1175
1596 1127
1597 1081
1598 1036
1599 992
1600 947
1601 904
1602 862
1603 820
1604 780
1605 739
1606 700
1607 662
1608 623
1609 587
1610 554
1611 519
1612 485
1613 454
1614 421
1615 394
1616 363
1617 335
1618 308
1619 285
1620 260
1621 237
1622 214
1623 194
1624 176
1625 158
1626 141
1627 123
1628 110
1629 101
1630 86
1631 75
1632 66
1633 64
1634 52
1635 47
1636 45
1637 42
1638 42
1639 42
1640 43
1641 47
1642 53
1643 58
1644 66
1645 74
1646 85
1647 93
1648 106
1649 122
1650 137
1651 151
1652 170
1653 189
1654 209
1655 232
1656 253
1657 277
1658 302
1659 328
1660 356
1661 385
1662 414
1663 445
1664 475
1665 509
1666 543
1667 580
1668 615
1669 654
1670 690
1671 730
1672 769
1673 809
1674 851
1675 895
1676 935
1677 980
1678 1025
1679 1072
1680 1113
1681 1163
1682 1208
1683 1256
1684 1307
1685 1351
1686 1400
1687 1452
1688 1502
1689 1551
1690 1601
1691 1654
1692 1705
1693 1760
1694 1807
1695 1859
1696 1912
1697 1964
1698 2019
1699 2072
1700 2124
1701 2174
1702 2224
1703 2278
1704 2332
1705 2383
1706 2435
1707 2486
1708 2535
1709 2588
1710 2639
1711 2686
1712 2736
1713 2785
1714 2840
1715 2880
1716 2931
1717 2977
1718 3025
1719 3072
1720 3116
1721 3160
1722 3206
1723 3248
1724 3292
1725 3331
1726 3376
1727 3416
1728 3454
1729 3489
1730 3527
1731 3566
1732 3599
1733 3632
1734 3664
1735 3696
1736 3727
1737 3760
1738 3788
1739 3815
1740 3840
1741 3868
1742 3889
1743 3916
1744 3936
1745 3952
1746 3971
1747 3996
1748 4016
1749 4024
1750 4039
1751 4056
1752 4064
1753 4071
1754 4080
1755 4092
1756 4095
1757 4095
1758 4095
1759 4095
1760 4095
1761 4095
1762 4095
1763 4095
1764 4095
1765 4088
1766 4081
1767 4076
1768 4064
1769 4054
1770 4039
1771 4024
1772 4012
1773 3992
1774 3975
1775 3959
1776 3936
1777 3911
1778 3888
1779 3868
1780 3840
1781 3815
1782 3788
1783 3760
1784 3728
1785 3696
1786 3664
1787 3632
1788 3599
1789 3564
1790 3527
1791 3489
1792 3454
1793 3416
1794 3376
1795 3335
1796 3292
1797 3248
1798 3207
1799 3160
1800 3120
1801 3072
1802 3024
1803 2977
1804 2929
1805 2883
1806 2840
1807 2785
1808 2736
1809 2687
1810 2636
1811 2585
1812 2535
1813 2483
1814 2431
1815 2380
1816 2328
1817 2279
1818 2225
1819 2172
1820 2119
1821 2072
1822 2016
1823 1968
1824 1912
1825 1863
1826 1809
1827 1758
1828 1705
1829 1656
1830 1606
1831 1553
1832 1502
1833 1452
1834 1401
1835 1355
1836 1308
1837 1256
1838 1208
1839 1160
1840 1113
1841 1068
1842 1023
1843 979
1844 935
1845 891
1846 849
1847 808
1848 768
1849 728
1850 689
1851 655
1852 614
1853 579
1854 544
1855 509
1856 477
1857 444
1858 414
1859 386
1860 356
1861 329
1862 304
1863 277
1864 253
1865 230
1866 210
1867 189
1868 170
1869 153
1870 136
1871 121
1872 106
1873 94
1874 82
1875 74
1876 65
1877 57
1878 53
1879 47
1880 45
1881 42
1882 42
1883 42
1884 45
1885 49
1886 53
1887 64
1888 68
1889 77
1890 86
1891 98
1892 111
1893 125
1894 141
1895 158
1896 177
1897 194
1898 215
1899 237
1900 261
1901 285
1902 309
1903 335
1904 363
1905 393
1906 425
1907 454
1908 485
1909 518
1910 554
1911 589
1912 625
1913 662
1914 700
1915 739
1916 780
1917 819
1918 862
1919 905
1920 948
1921 989
1922 1036
1923 1081
1924 1128
1925 1175
1926 1222
1927 1268
1928 1318
1929 1368
1930 1416
1931 1468
1932 1517
1933 1566
1934 1617
1935 1670
1936 1720
1937 1772
1938 1824
1939 1875
1940 1927
1941 1984
1942 2035
1943 2083
1944 2136
1945 2188
1946 2241
1947 2295
1948 2344
1949 2400
1950 2447
1951 2497
1952 2550
1953 2599
1954 2652
1955 2702
1956 2752
1957 2800
1958 2847
1959 2895
1960 2943
1961 2992
1962 3040
1963 3084
1964 3128
1965 3175
1966 3217
1967 3264
1968 3303
1969 3343
1970 3384
1971 3424
1972 3463
1973 3504
1974 3536
1975 3576
1976 3608
1977 3644
1978 3675
1979 3704
1980 3736
1981 3768
1982 3792
1983 3823
1984 3852
1985 3871
1986 3896
1987 3919
1988 3939
1989 3960
1990 3983
1991 3999
1992 4016
1993 4032
1994 4039
1995 4056
1996 4064
1997 4076
1998 4088
1999 4095
